MCDATA_instrdata = {
"name": "backend_Pb_1t",
"abspath": "backend_Pb_1t.instr",
"params": [],
"params_defaults": [],
"params_values": [],
"cmd": "/Applications/McStas-3.4.app/Contents/Resources/mcstas/3.4/bin/mcrun backend_Pb_1t.instr --no-output-files --trace --ncount=1000000 --dir=/Users/kristinekrighaar/Documents/BIFROST/McStasScript/run_folder/backend_Pb_1t_20240408_145102 --no-output-files A4=70 A3=55",
"boundingbox": {
"xmin": -0.2,
"xmax": 2.34446,
"ymin": -1.57394,
"ymax": 0.2,
"zmin": -1.4503650000000001,
"zmax": 1.4089337882,
"drawcalls": [
{
"key": "multiline",
"args": [
-0.2,
-1.57394,
-1.4503650000000001,
-0.2,
0.2,
-1.4503650000000001,
2.34446,
0.2,
-1.4503650000000001,
2.34446,
-1.57394,
-1.4503650000000001,
-0.2,
-1.57394,
-1.4503650000000001
]
},
{
"key": "multiline",
"args": [
-0.2,
-1.57394,
1.4089337882,
-0.2,
0.2,
1.4089337882,
2.34446,
0.2,
1.4089337882,
2.34446,
-1.57394,
1.4089337882,
-0.2,
-1.57394,
1.4089337882
]
},
{
"key": "line",
"args": [
-0.2,
-1.57394,
-1.4503650000000001,
-0.2,
-1.57394,
1.4089337882
]
},
{
"key": "line",
"args": [
2.34446,
-1.57394,
-1.4503650000000001,
2.34446,
-1.57394,
1.4089337882
]
},
{
"key": "line",
"args": [
-0.2,
0.2,
-1.4503650000000001,
-0.2,
0.2,
1.4089337882
]
},
{
"key": "line",
"args": [
2.34446,
0.2,
-1.4503650000000001,
2.34446,
0.2,
1.4089337882
]
},
{
"key": "line",
"args": [
0.8,
-1.57394,
-1.4503650000000001,
0.8,
-1.4739399999999998,
-1.4503650000000001
]
},
{
"key": "line",
"args": [
0.8,
0.2,
-1.4503650000000001,
0.8,
0.1,
-1.4503650000000001
]
},
{
"key": "line",
"args": [
1.8,
-1.57394,
-1.4503650000000001,
1.8,
-1.4739399999999998,
-1.4503650000000001
]
},
{
"key": "line",
"args": [
1.8,
0.2,
-1.4503650000000001,
1.8,
0.1,
-1.4503650000000001
]
},
{
"key": "line",
"args": [
-0.2,
-0.5739399999999999,
-1.4503650000000001,
-0.1,
-0.5739399999999999,
-1.4503650000000001
]
},
{
"key": "line",
"args": [
2.34446,
-0.5739399999999999,
-1.4503650000000001,
2.24446,
-0.5739399999999999,
-1.4503650000000001
]
},
{
"key": "line",
"args": [
0.8,
-1.57394,
1.4089337882,
0.8,
-1.4739399999999998,
1.4089337882
]
},
{
"key": "line",
"args": [
0.8,
0.2,
1.4089337882,
0.8,
0.1,
1.4089337882
]
},
{
"key": "line",
"args": [
1.8,
-1.57394,
1.4089337882,
1.8,
-1.4739399999999998,
1.4089337882
]
},
{
"key": "line",
"args": [
1.8,
0.2,
1.4089337882,
1.8,
0.1,
1.4089337882
]
},
{
"key": "line",
"args": [
-0.2,
-0.5739399999999999,
1.4089337882,
-0.1,
-0.5739399999999999,
1.4089337882
]
},
{
"key": "line",
"args": [
2.34446,
-0.5739399999999999,
1.4089337882,
2.24446,
-0.5739399999999999,
1.4089337882
]
},
{
"key": "line",
"args": [
0.8,
-1.57394,
-1.4503650000000001,
0.8,
-1.57394,
-1.350365
]
},
{
"key": "line",
"args": [
0.8,
-1.57394,
1.4089337882,
0.8,
-1.57394,
1.3089337881999998
]
},
{
"key": "line",
"args": [
1.8,
-1.57394,
-1.4503650000000001,
1.8,
-1.57394,
-1.350365
]
},
{
"key": "line",
"args": [
1.8,
-1.57394,
1.4089337882,
1.8,
-1.57394,
1.3089337881999998
]
},
{
"key": "line",
"args": [
-0.2,
-1.57394,
-0.4503650000000001,
-0.1,
-1.57394,
-0.4503650000000001
]
},
{
"key": "line",
"args": [
2.34446,
-1.57394,
-0.4503650000000001,
2.24446,
-1.57394,
-0.4503650000000001
]
},
{
"key": "line",
"args": [
-0.2,
-1.57394,
0.5496349999999999,
-0.1,
-1.57394,
0.5496349999999999
]
},
{
"key": "line",
"args": [
2.34446,
-1.57394,
0.5496349999999999,
2.24446,
-1.57394,
0.5496349999999999
]
},
{
"key": "line",
"args": [
0.8,
0.2,
-1.4503650000000001,
0.8,
0.2,
-1.350365
]
},
{
"key": "line",
"args": [
0.8,
0.2,
1.4089337882,
0.8,
0.2,
1.3089337881999998
]
},
{
"key": "line",
"args": [
1.8,
0.2,
-1.4503650000000001,
1.8,
0.2,
-1.350365
]
},
{
"key": "line",
"args": [
1.8,
0.2,
1.4089337882,
1.8,
0.2,
1.3089337881999998
]
},
{
"key": "line",
"args": [
-0.2,
0.2,
-0.4503650000000001,
-0.1,
0.2,
-0.4503650000000001
]
},
{
"key": "line",
"args": [
2.34446,
0.2,
-0.4503650000000001,
2.24446,
0.2,
-0.4503650000000001
]
},
{
"key": "line",
"args": [
-0.2,
0.2,
0.5496349999999999,
-0.1,
0.2,
0.5496349999999999
]
},
{
"key": "line",
"args": [
2.34446,
0.2,
0.5496349999999999,
2.24446,
0.2,
0.5496349999999999
]
},
{
"key": "line",
"args": [
-0.2,
-0.5739399999999999,
-1.4503650000000001,
-0.2,
-0.5739399999999999,
-1.350365
]
},
{
"key": "line",
"args": [
-0.2,
-0.5739399999999999,
1.4089337882,
-0.2,
-0.5739399999999999,
1.3089337881999998
]
},
{
"key": "line",
"args": [
-0.2,
-1.57394,
-0.4503650000000001,
-0.2,
-1.4739399999999998,
-0.4503650000000001
]
},
{
"key": "line",
"args": [
-0.2,
0.2,
-0.4503650000000001,
-0.2,
0.1,
-0.4503650000000001
]
},
{
"key": "line",
"args": [
-0.2,
-1.57394,
0.5496349999999999,
-0.2,
-1.4739399999999998,
0.5496349999999999
]
},
{
"key": "line",
"args": [
-0.2,
0.2,
0.5496349999999999,
-0.2,
0.1,
0.5496349999999999
]
},
{
"key": "line",
"args": [
2.34446,
-0.5739399999999999,
-1.4503650000000001,
2.34446,
-0.5739399999999999,
-1.350365
]
},
{
"key": "line",
"args": [
2.34446,
-0.5739399999999999,
1.4089337882,
2.34446,
-0.5739399999999999,
1.3089337881999998
]
},
{
"key": "line",
"args": [
2.34446,
-1.57394,
-0.4503650000000001,
2.34446,
-1.4739399999999998,
-0.4503650000000001
]
},
{
"key": "line",
"args": [
2.34446,
0.2,
-0.4503650000000001,
2.34446,
0.1,
-0.4503650000000001
]
},
{
"key": "line",
"args": [
2.34446,
-1.57394,
0.5496349999999999,
2.34446,
-1.4739399999999998,
0.5496349999999999
]
},
{
"key": "line",
"args": [
2.34446,
0.2,
0.5496349999999999,
2.34446,
0.1,
0.5496349999999999
]
}
]
},
"components": [
{
"name": "Vir_source",
"m4": [
1.0,
0.0,
0.0,
0.0,
0.0,
1.0,
0.0,
0.0,
0.0,
0.0,
1.0,
0.0,
0,
0,
0,
1
],
"drawcalls": [
{
"key": "multiline",
"args": [
0.2,
0.2,
0.0,
-0.2,
0.2,
0.0,
-0.2,
-0.2,
0.0,
0.2,
-0.2,
0.0,
0.2,
0.2,
0.0
]
},
{
"key": "multiline",
"args": [
-0.085,
-0.085,
0.0,
-0.085,
0.085,
0.0,
-0.045,
-0.085,
0.0,
-0.005,
0.085,
0.0,
-0.005,
-0.085,
0.0
]
},
{
"key": "multiline",
"args": [
0.045,
-0.085,
0.0,
0.045,
0.085,
0.0
]
},
{
"key": "multiline",
"args": [
0.005,
0.085,
0.0,
0.085,
0.085,
0.0
]
},
{
"key": "multiline",
"args": [
0.005,
-0.085,
0.0,
0.085,
-0.085,
0.0
]
}
]
},
{
"name": "sample_pos",
"m4": [
1.0,
0.0,
0.0,
0.0,
0.0,
1.0,
0.0,
0.0,
0.0,
0.0,
1.0,
0.58,
0,
0,
0,
1
],
"drawcalls": [
{
"key": "multiline",
"args": [
0.0,
0.0,
0.0,
0.2,
0.0,
0.0
]
},
{
"key": "multiline",
"args": [
0.0,
0.0,
0.0,
0.0,
0.2,
0.0
]
},
{
"key": "multiline",
"args": [
0.0,
0.0,
0.0,
0.0,
0.0,
0.2
]
}
]
},
{
"name": "A3_rot",
"m4": [
0.573576,
-0.0,
0.819152,
0.0,
0.0,
1.0,
-0.0,
0.0,
-0.819152,
0.0,
0.573576,
0.58,
0,
0,
0,
1
],
"drawcalls": [
{
"key": "multiline",
"args": [
0.0,
0.0,
0.0,
0.2,
0.0,
0.0
]
},
{
"key": "multiline",
"args": [
0.0,
0.0,
0.0,
0.0,
0.2,
0.0
]
},
{
"key": "multiline",
"args": [
0.0,
0.0,
0.0,
0.0,
0.0,
0.2
]
}
]
},
{
"name": "A4_rot",
"m4": [
0.34202,
-0.0,
0.939693,
0.0,
0.0,
1.0,
-0.0,
0.0,
-0.939693,
0.0,
0.34202,
0.58,
0,
0,
0,
1
],
"drawcalls": [
{
"key": "multiline",
"args": [
0.0,
0.0,
0.0,
0.2,
0.0,
0.0
]
},
{
"key": "multiline",
"args": [
0.0,
0.0,
0.0,
0.0,
0.2,
0.0
]
},
{
"key": "multiline",
"args": [
0.0,
0.0,
0.0,
0.0,
0.0,
0.2
]
}
]
},
{
"name": "phonon_sample",
"m4": [
0.573576,
-0.0,
0.819152,
0.0,
0.0,
1.0,
-0.0,
0.0,
-0.819152,
0.0,
0.573576,
0.58,
0,
0,
0,
1
],
"drawcalls": [
{
"key": "circle",
"args": [
"xz",
0.0,
0.0025,
0.0,
0.0025
]
},
{
"key": "circle",
"args": [
"xz",
0.0,
-0.0025,
0.0,
0.0025
]
},
{
"key": "multiline",
"args": [
-0.0025,
-0.0025,
0.0,
-0.0025,
0.0025,
0.0
]
},
{
"key": "multiline",
"args": [
0.0025,
-0.0025,
0.0,
0.0025,
0.0025,
0.0
]
},
{
"key": "multiline",
"args": [
0.0,
-0.0025,
-0.0025,
0.0,
0.0025,
-0.0025
]
},
{
"key": "multiline",
"args": [
0.0,
-0.0025,
0.0025,
0.0,
0.0025,
0.0025
]
}
]
},
{
"name": "wedge_arm_0",
"m4": [
0.34202,
-0.0,
0.939693,
0.0,
0.0,
1.0,
-0.0,
0.0,
-0.939693,
0.0,
0.34202,
0.58,
0,
0,
0,
1
],
"drawcalls": [
{
"key": "multiline",
"args": [
0.0,
0.0,
0.0,
0.2,
0.0,
0.0
]
},
{
"key": "multiline",
"args": [
0.0,
0.0,
0.0,
0.0,
0.2,
0.0
]
},
{
"key": "multiline",
"args": [
0.0,
0.0,
0.0,
0.0,
0.0,
0.2
]
}
]
},
{
"name": "ana_arm_1_4_0",
"m4": [
0.34202,
-0.0,
0.939693,
1.4631,
0.0,
1.0,
-0.0,
0.0,
-0.939693,
0.0,
0.34202,
1.11253,
0,
0,
0,
1
],
"drawcalls": [
{
"key": "multiline",
"args": [
0.0,
0.0,
0.0,
0.2,
0.0,
0.0
]
},
{
"key": "multiline",
"args": [
0.0,
0.0,
0.0,
0.0,
0.2,
0.0
]
},
{
"key": "multiline",
"args": [
0.0,
0.0,
0.0,
0.0,
0.0,
0.2
]
}
]
},
{
"name": "PG_piece_1_4_0_0",
"m4": [
-0.548962,
-0.762668,
0.34202,
1.41603,
-0.811615,
0.584193,
4.96971e-17,
0.034879,
-0.199806,
-0.277589,
-0.939693,
1.09539,
0,
0,
0,
1
],
"drawcalls": [
{
"key": "multiline",
"args": [
0.0,
-0.00675,
-0.0878,
0.0,
0.00675,
-0.0878,
0.0,
0.00675,
0.0878,
0.0,
-0.00675,
0.0878,
0.0,
-0.00675,
-0.0878
]
}
]
},
{
"name": "PG_piece_1_4_1_0",
"m4": [
-0.553359,
-0.759484,
0.34202,
1.42794,
-0.808226,
0.588872,
4.94896e-17,
0.026377,
-0.201406,
-0.27643,
-0.939693,
1.09973,
0,
0,
0,
1
],
"drawcalls": [
{
"key": "multiline",
"args": [
0.0,
-0.00675,
-0.0878,
0.0,
0.00675,
-0.0878,
0.0,
0.00675,
0.0878,
0.0,
-0.00675,
0.0878,
0.0,
-0.00675,
-0.0878
]
}
]
},
{
"name": "PG_piece_1_4_2_0",
"m4": [
-0.55775,
-0.756265,
0.34202,
1.43975,
-0.804801,
0.593545,
4.92798e-17,
0.017729,
-0.203004,
-0.275258,
-0.939693,
1.10403,
0,
0,
0,
1
],
"drawcalls": [
{
"key": "multiline",
"args": [
0.0,
-0.00675,
-0.0878,
0.0,
0.00675,
-0.0878,
0.0,
0.00675,
0.0878,
0.0,
-0.00675,
0.0878,
0.0,
-0.00675,
-0.0878
]
}
]
},
{
"name": "PG_piece_1_4_3_0",
"m4": [
-0.56211,
-0.75303,
0.34202,
1.45148,
-0.801358,
0.598185,
4.9069e-17,
0.008937,
-0.204591,
-0.274081,
-0.939693,
1.10829,
0,
0,
0,
1
],
"drawcalls": [
{
"key": "multiline",
"args": [
0.0,
-0.00675,
-0.0878,
0.0,
0.00675,
-0.0878,
0.0,
0.00675,
0.0878,
0.0,
-0.00675,
0.0878,
0.0,
-0.00675,
-0.0878
]
}
]
},
{
"name": "PG_piece_1_4_4_0",
"m4": [
-0.566464,
-0.749761,
0.34202,
1.4631,
-0.797879,
0.602818,
4.8856e-17,
0.0,
-0.206176,
-0.272891,
-0.939693,
1.11253,
0,
0,
0,
1
],
"drawcalls": [
{
"key": "multiline",
"args": [
0.0,
-0.00675,
-0.0878,
0.0,
0.00675,
-0.0878,
0.0,
0.00675,
0.0878,
0.0,
-0.00675,
0.0878,
0.0,
-0.00675,
-0.0878
]
}
]
},
{
"name": "PG_piece_1_4_5_0",
"m4": [
-0.570786,
-0.746476,
0.34202,
1.47463,
-0.794383,
0.607417,
4.86419e-17,
-0.009079,
-0.207749,
-0.271695,
-0.939693,
1.11672,
0,
0,
0,
1
],
"drawcalls": [
{
"key": "multiline",
"args": [
0.0,
-0.00675,
-0.0878,
0.0,
0.00675,
-0.0878,
0.0,
0.00675,
0.0878,
0.0,
-0.00675,
0.0878,
0.0,
-0.00675,
-0.0878
]
}
]
},
{
"name": "PG_piece_1_4_6_0",
"m4": [
-0.575102,
-0.743156,
0.34202,
1.48606,
-0.79085,
0.61201,
4.84256e-17,
-0.0183,
-0.20932,
-0.270487,
-0.939693,
1.12088,
0,
0,
0,
1
],
"drawcalls": [
{
"key": "multiline",
"args": [
0.0,
-0.00675,
-0.0878,
0.0,
0.00675,
-0.0878,
0.0,
0.00675,
0.0878,
0.0,
-0.00675,
0.0878,
0.0,
-0.00675,
-0.0878
]
}
]
},
{
"name": "PG_piece_1_4_7_0",
"m4": [
-0.579385,
-0.739821,
0.34202,
1.49739,
-0.787301,
0.616569,
4.82083e-17,
-0.02766,
-0.210879,
-0.269273,
-0.939693,
1.125,
0,
0,
0,
1
],
"drawcalls": [
{
"key": "multiline",
"args": [
0.0,
-0.00675,
-0.0878,
0.0,
0.00675,
-0.0878,
0.0,
0.00675,
0.0878,
0.0,
-0.00675,
0.0878,
0.0,
-0.00675,
-0.0878
]
}
]
},
{
"name": "PG_piece_1_4_8_0",
"m4": [
-0.583649,
-0.736462,
0.34202,
1.50861,
-0.783726,
0.621107,
4.79894e-17,
-0.03716,
-0.212431,
-0.26805,
-0.939693,
1.12909,
0,
0,
0,
1
],
"drawcalls": [
{
"key": "multiline",
"args": [
0.0,
-0.00675,
-0.0878,
0.0,
0.00675,
-0.0878,
0.0,
0.00675,
0.0878,
0.0,
-0.00675,
0.0878,
0.0,
-0.00675,
-0.0878
]
}
]
},
{
"name": "det_arm_1_4_0",
"m4": [
0.34202,
-0.0,
0.939693,
1.87982,
0.0,
1.0,
-0.0,
-1.56124,
-0.939693,
0.0,
0.34202,
1.2642,
0,
0,
0,
1
],
"drawcalls": [
{
"key": "multiline",
"args": [
0.0,
0.0,
0.0,
0.2,
0.0,
0.0
]
},
{
"key": "multiline",
"args": [
0.0,
0.0,
0.0,
0.0,
0.2,
0.0
]
},
{
"key": "multiline",
"args": [
0.0,
0.0,
0.0,
0.0,
0.0,
0.2
]
}
]
},
{
"name": "det_mid_He3_1_4_0",
"m4": [
2.09427e-17,
-0.34202,
0.939693,
1.87982,
1.0,
6.12323e-17,
0.0,
-1.56124,
-5.75396e-17,
0.939693,
0.34202,
1.2642,
0,
0,
0,
1
],
"drawcalls": [
{
"key": "circle",
"args": [
"xz",
0.0,
0.1494,
0.0,
0.0127
]
},
{
"key": "circle",
"args": [
"xz",
0.0,
-0.1494,
0.0,
0.0127
]
},
{
"key": "multiline",
"args": [
-0.0127,
-0.1494,
0.0,
-0.0127,
0.1494,
0.0
]
},
{
"key": "multiline",
"args": [
0.0127,
-0.1494,
0.0,
0.0127,
0.1494,
0.0
]
},
{
"key": "multiline",
"args": [
0.0,
-0.1494,
-0.0127,
0.0,
0.1494,
-0.0127
]
},
{
"key": "multiline",
"args": [
0.0,
-0.1494,
0.0127,
0.0,
0.1494,
0.0127
]
}
]
},
{
"name": "wedge_arm_10",
"m4": [
0.173648,
0.0,
0.984808,
0.0,
0.0,
1.0,
0.0,
0.0,
-0.984808,
0.0,
0.173648,
0.58,
0,
0,
0,
1
],
"drawcalls": [
{
"key": "multiline",
"args": [
0.0,
0.0,
0.0,
0.2,
0.0,
0.0
]
},
{
"key": "multiline",
"args": [
0.0,
0.0,
0.0,
0.0,
0.2,
0.0
]
},
{
"key": "multiline",
"args": [
0.0,
0.0,
0.0,
0.0,
0.0,
0.2
]
}
]
},
{
"name": "ana_arm_2_4_1",
"m4": [
0.173648,
0.0,
0.984808,
1.59834,
0.0,
1.0,
0.0,
0.0,
-0.984808,
0.0,
0.173648,
0.861831,
0,
0,
0,
1
],
"drawcalls": [
{
"key": "multiline",
"args": [
0.0,
0.0,
0.0,
0.2,
0.0,
0.0
]
},
{
"key": "multiline",
"args": [
0.0,
0.0,
0.0,
0.0,
0.2,
0.0
]
},
{
"key": "multiline",
"args": [
0.0,
0.0,
0.0,
0.0,
0.0,
0.2
]
}
]
},
{
"name": "PG_piece_2_4_0_1",
"m4": [
-0.575318,
-0.799285,
0.173648,
1.54856,
-0.811615,
0.584193,
4.96971e-17,
0.036386,
-0.101444,
-0.140935,
-0.984808,
0.853053,
0,
0,
0,
1
],
"drawcalls": [
{
"key": "multiline",
"args": [
0.0,
-0.00675,
-0.0908,
0.0,
0.00675,
-0.0908,
0.0,
0.00675,
0.0908,
0.0,
-0.00675,
0.0908,
0.0,
-0.00675,
-0.0908
]
}
]
},
{
"name": "PG_piece_2_4_1_1",
"m4": [
-0.579926,
-0.795948,
0.173648,
1.56116,
-0.808226,
0.588872,
4.94896e-17,
0.027509,
-0.102257,
-0.140347,
-0.984808,
0.855275,
0,
0,
0,
1
],
"drawcalls": [
{
"key": "multiline",
"args": [
0.0,
-0.00675,
-0.0908,
0.0,
0.00675,
-0.0908,
0.0,
0.00675,
0.0908,
0.0,
-0.00675,
0.0908,
0.0,
-0.00675,
-0.0908
]
}
]
},
{
"name": "PG_piece_2_4_2_1",
"m4": [
-0.584528,
-0.792574,
0.173648,
1.57366,
-0.804801,
0.593545,
4.92798e-17,
0.018485,
-0.103068,
-0.139752,
-0.984808,
0.857479,
0,
0,
0,
1
],
"drawcalls": [
{
"key": "multiline",
"args": [
0.0,
-0.00675,
-0.0908,
0.0,
0.00675,
-0.0908,
0.0,
0.00675,
0.0908,
0.0,
-0.00675,
0.0908,
0.0,
-0.00675,
-0.0908
]
}
]
},
{
"name": "PG_piece_2_4_3_1",
"m4": [
-0.589097,
-0.789184,
0.173648,
1.58605,
-0.801358,
0.598185,
4.9069e-17,
0.009315,
-0.103874,
-0.139154,
-0.984808,
0.859664,
0,
0,
0,
1
],
"drawcalls": [
{
"key": "multiline",
"args": [
0.0,
-0.00675,
-0.0908,
0.0,
0.00675,
-0.0908,
0.0,
0.00675,
0.0908,
0.0,
-0.00675,
0.0908,
0.0,
-0.00675,
-0.0908
]
}
]
},
{
"name": "PG_piece_2_4_4_1",
"m4": [
-0.59366,
-0.785757,
0.173648,
1.59834,
-0.797879,
0.602818,
4.8856e-17,
0.0,
-0.104678,
-0.13855,
-0.984808,
0.861831,
0,
0,
0,
1
],
"drawcalls": [
{
"key": "multiline",
"args": [
0.0,
-0.00675,
-0.0908,
0.0,
0.00675,
-0.0908,
0.0,
0.00675,
0.0908,
0.0,
-0.00675,
0.0908,
0.0,
-0.00675,
-0.0908
]
}
]
},
{
"name": "PG_piece_2_4_5_1",
"m4": [
-0.598189,
-0.782314,
0.173648,
1.61053,
-0.794383,
0.607417,
4.86419e-17,
-0.009459,
-0.105477,
-0.137943,
-0.984808,
0.863979,
0,
0,
0,
1
],
"drawcalls": [
{
"key": "multiline",
"args": [
0.0,
-0.00675,
-0.0908,
0.0,
0.00675,
-0.0908,
0.0,
0.00675,
0.0908,
0.0,
-0.00675,
0.0908,
0.0,
-0.00675,
-0.0908
]
}
]
},
{
"name": "PG_piece_2_4_6_1",
"m4": [
-0.602712,
-0.778835,
0.173648,
1.6226,
-0.79085,
0.61201,
4.84256e-17,
-0.01906,
-0.106274,
-0.13733,
-0.984808,
0.866108,
0,
0,
0,
1
],
"drawcalls": [
{
"key": "multiline",
"args": [
0.0,
-0.00675,
-0.0908,
0.0,
0.00675,
-0.0908,
0.0,
0.00675,
0.0908,
0.0,
-0.00675,
0.0908,
0.0,
-0.00675,
-0.0908
]
}
]
},
{
"name": "PG_piece_2_4_7_1",
"m4": [
-0.607202,
-0.77534,
0.173648,
1.63456,
-0.787301,
0.616569,
4.82083e-17,
-0.028802,
-0.107066,
-0.136713,
-0.984808,
0.868217,
0,
0,
0,
1
],
"drawcalls": [
{
"key": "multiline",
"args": [
0.0,
-0.00675,
-0.0908,
0.0,
0.00675,
-0.0908,
0.0,
0.00675,
0.0908,
0.0,
-0.00675,
0.0908,
0.0,
-0.00675,
-0.0908
]
}
]
},
{
"name": "PG_piece_2_4_8_1",
"m4": [
-0.611671,
-0.771819,
0.173648,
1.64641,
-0.783726,
0.621107,
4.79894e-17,
-0.038685,
-0.107854,
-0.136093,
-0.984808,
0.870307,
0,
0,
0,
1
],
"drawcalls": [
{
"key": "multiline",
"args": [
0.0,
-0.00675,
-0.0908,
0.0,
0.00675,
-0.0908,
0.0,
0.00675,
0.0908,
0.0,
-0.00675,
0.0908,
0.0,
-0.00675,
-0.0908
]
}
]
},
{
"name": "det_arm_2_4_1",
"m4": [
0.173648,
0.0,
0.984808,
2.03507,
0.0,
1.0,
0.0,
-1.56124,
-0.984808,
0.0,
0.173648,
0.938837,
0,
0,
0,
1
],
"drawcalls": [
{
"key": "multiline",
"args": [
0.0,
0.0,
0.0,
0.2,
0.0,
0.0
]
},
{
"key": "multiline",
"args": [
0.0,
0.0,
0.0,
0.0,
0.2,
0.0
]
},
{
"key": "multiline",
"args": [
0.0,
0.0,
0.0,
0.0,
0.0,
0.2
]
}
]
},
{
"name": "det_mid_He3_2_4_1",
"m4": [
1.06329e-17,
-0.173648,
0.984808,
2.03507,
1.0,
6.12323e-17,
0.0,
-1.56124,
-6.03021e-17,
0.984808,
0.173648,
0.938837,
0,
0,
0,
1
],
"drawcalls": [
{
"key": "circle",
"args": [
"xz",
0.0,
0.1524,
0.0,
0.0127
]
},
{
"key": "circle",
"args": [
"xz",
0.0,
-0.1524,
0.0,
0.0127
]
},
{
"key": "multiline",
"args": [
-0.0127,
-0.1524,
0.0,
-0.0127,
0.1524,
0.0
]
},
{
"key": "multiline",
"args": [
0.0127,
-0.1524,
0.0,
0.0127,
0.1524,
0.0
]
},
{
"key": "multiline",
"args": [
0.0,
-0.1524,
-0.0127,
0.0,
0.1524,
-0.0127
]
},
{
"key": "multiline",
"args": [
0.0,
-0.1524,
0.0127,
0.0,
0.1524,
0.0127
]
}
]
},
{
"name": "wedge_arm_20",
"m4": [
1.11022e-16,
0.0,
1.0,
0.0,
0.0,
1.0,
0.0,
0.0,
-1.0,
0.0,
1.11022e-16,
0.58,
0,
0,
0,
1
],
"drawcalls": [
{
"key": "multiline",
"args": [
0.0,
0.0,
0.0,
0.2,
0.0,
0.0
]
},
{
"key": "multiline",
"args": [
0.0,
0.0,
0.0,
0.0,
0.2,
0.0
]
},
{
"key": "multiline",
"args": [
0.0,
0.0,
0.0,
0.0,
0.0,
0.2
]
}
]
},
{
"name": "ana_arm_3_4_2",
"m4": [
1.11022e-16,
0.0,
1.0,
1.701,
0.0,
1.0,
0.0,
0.0,
-1.0,
0.0,
1.11022e-16,
0.58,
0,
0,
0,
1
],
"drawcalls": [
{
"key": "multiline",
"args": [
0.0,
0.0,
0.0,
0.2,
0.0,
0.0
]
},
{
"key": "multiline",
"args": [
0.0,
0.0,
0.0,
0.0,
0.2,
0.0
]
},
{
"key": "multiline",
"args": [
0.0,
0.0,
0.0,
0.0,
0.0,
0.2
]
}
]
},
{
"name": "PG_piece_3_4_0_2",
"m4": [
-0.584193,
-0.811615,
1.46794e-16,
1.64991,
-0.811615,
0.584193,
4.96971e-17,
0.038165,
-1.26091e-16,
-9.01073e-17,
-1.0,
0.58,
0,
0,
0,
1
],
"drawcalls": [
{
"key": "multiline",
"args": [
0.0,
-0.007,
-0.0943,
0.0,
0.007,
-0.0943,
0.0,
0.007,
0.0943,
0.0,
-0.007,
0.0943,
0.0,
-0.007,
-0.0943
]
}
]
},
{
"name": "PG_piece_3_4_1_2",
"m4": [
-0.588872,
-0.808226,
1.4708e-16,
1.66285,
-0.808226,
0.588872,
4.94896e-17,
0.028846,
-1.2661e-16,
-8.97311e-17,
-1.0,
0.58,
0,
0,
0,
1
],
"drawcalls": [
{
"key": "multiline",
"args": [
0.0,
-0.007,
-0.0943,
0.0,
0.007,
-0.0943,
0.0,
0.007,
0.0943,
0.0,
-0.007,
0.0943,
0.0,
-0.007,
-0.0943
]
}
]
},
{
"name": "PG_piece_3_4_2_2",
"m4": [
-0.593545,
-0.804801,
1.47366e-16,
1.67568,
-0.804801,
0.593545,
4.92798e-17,
0.019378,
-1.27129e-16,
-8.93508e-17,
-1.0,
0.58,
0,
0,
0,
1
],
"drawcalls": [
{
"key": "multiline",
"args": [
0.0,
-0.007,
-0.0943,
0.0,
0.007,
-0.0943,
0.0,
0.007,
0.0943,
0.0,
-0.007,
0.0943,
0.0,
-0.007,
-0.0943
]
}
]
},
{
"name": "PG_piece_3_4_3_2",
"m4": [
-0.598185,
-0.801358,
1.47651e-16,
1.6884,
-0.801358,
0.598185,
4.9069e-17,
0.009762,
-1.27644e-16,
-8.89686e-17,
-1.0,
0.58,
0,
0,
0,
1
],
"drawcalls": [
{
"key": "multiline",
"args": [
0.0,
-0.007,
-0.0943,
0.0,
0.007,
-0.0943,
0.0,
0.007,
0.0943,
0.0,
-0.007,
0.0943,
0.0,
-0.007,
-0.0943
]
}
]
},
{
"name": "PG_piece_3_4_4_2",
"m4": [
-0.602818,
-0.797879,
1.47934e-16,
1.701,
-0.797879,
0.602818,
4.8856e-17,
0.0,
-1.28159e-16,
-8.85823e-17,
-1.0,
0.58,
0,
0,
0,
1
],
"drawcalls": [
{
"key": "multiline",
"args": [
0.0,
-0.007,
-0.0943,
0.0,
0.007,
-0.0943,
0.0,
0.007,
0.0943,
0.0,
-0.007,
0.0943,
0.0,
-0.007,
-0.0943
]
}
]
},
{
"name": "PG_piece_3_4_5_2",
"m4": [
-0.607417,
-0.794383,
1.48216e-16,
1.71349,
-0.794383,
0.607417,
4.86419e-17,
-0.009907,
-1.28669e-16,
-8.81942e-17,
-1.0,
0.58,
0,
0,
0,
1
],
"drawcalls": [
{
"key": "multiline",
"args": [
0.0,
-0.007,
-0.0943,
0.0,
0.007,
-0.0943,
0.0,
0.007,
0.0943,
0.0,
-0.007,
0.0943,
0.0,
-0.007,
-0.0943
]
}
]
},
{
"name": "PG_piece_3_4_6_2",
"m4": [
-0.61201,
-0.79085,
1.48497e-16,
1.72587,
-0.79085,
0.61201,
4.84256e-17,
-0.019958,
-1.29179e-16,
-8.7802e-17,
-1.0,
0.58,
0,
0,
0,
1
],
"drawcalls": [
{
"key": "multiline",
"args": [
0.0,
-0.007,
-0.0943,
0.0,
0.007,
-0.0943,
0.0,
0.007,
0.0943,
0.0,
-0.007,
0.0943,
0.0,
-0.007,
-0.0943
]
}
]
},
{
"name": "PG_piece_3_4_7_2",
"m4": [
-0.616569,
-0.787301,
1.48776e-16,
1.73813,
-0.787301,
0.616569,
4.82083e-17,
-0.030152,
-1.29685e-16,
-8.7408e-17,
-1.0,
0.58,
0,
0,
0,
1
],
"drawcalls": [
{
"key": "multiline",
"args": [
0.0,
-0.007,
-0.0943,
0.0,
0.007,
-0.0943,
0.0,
0.007,
0.0943,
0.0,
-0.007,
0.0943,
0.0,
-0.007,
-0.0943
]
}
]
},
{
"name": "PG_piece_3_4_8_2",
"m4": [
-0.621107,
-0.783726,
1.49054e-16,
1.75027,
-0.783726,
0.621107,
4.79894e-17,
-0.040487,
-1.30189e-16,
-8.70111e-17,
-1.0,
0.58,
0,
0,
0,
1
],
"drawcalls": [
{
"key": "multiline",
"args": [
0.0,
-0.007,
-0.0943,
0.0,
0.007,
-0.0943,
0.0,
0.007,
0.0943,
0.0,
-0.007,
0.0943,
0.0,
-0.007,
-0.0943
]
}
]
},
{
"name": "det_arm_3_4_2",
"m4": [
1.11022e-16,
0.0,
1.0,
2.14446,
0.0,
1.0,
0.0,
-1.56124,
-1.0,
0.0,
1.11022e-16,
0.58,
0,
0,
0,
1
],
"drawcalls": [
{
"key": "multiline",
"args": [
0.0,
0.0,
0.0,
0.2,
0.0,
0.0
]
},
{
"key": "multiline",
"args": [
0.0,
0.0,
0.0,
0.0,
0.2,
0.0
]
},
{
"key": "multiline",
"args": [
0.0,
0.0,
0.0,
0.0,
0.0,
0.2
]
}
]
},
{
"name": "det_mid_He3_3_4_2",
"m4": [
6.79816e-33,
-1.11022e-16,
1.0,
2.14446,
1.0,
6.12323e-17,
0.0,
-1.56124,
-6.12323e-17,
1.0,
1.11022e-16,
0.58,
0,
0,
0,
1
],
"drawcalls": [
{
"key": "circle",
"args": [
"xz",
0.0,
0.15595,
0.0,
0.0127
]
},
{
"key": "circle",
"args": [
"xz",
0.0,
-0.15595,
0.0,
0.0127
]
},
{
"key": "multiline",
"args": [
-0.0127,
-0.15595,
0.0,
-0.0127,
0.15595,
0.0
]
},
{
"key": "multiline",
"args": [
0.0127,
-0.15595,
0.0,
0.0127,
0.15595,
0.0
]
},
{
"key": "multiline",
"args": [
0.0,
-0.15595,
-0.0127,
0.0,
0.15595,
-0.0127
]
},
{
"key": "multiline",
"args": [
0.0,
-0.15595,
0.0127,
0.0,
0.15595,
0.0127
]
}
]
},
{
"name": "wedge_arm_30",
"m4": [
-0.173648,
0.0,
0.984808,
0.0,
0.0,
1.0,
0.0,
0.0,
-0.984808,
0.0,
-0.173648,
0.58,
0,
0,
0,
1
],
"drawcalls": [
{
"key": "multiline",
"args": [
0.0,
0.0,
0.0,
0.2,
0.0,
0.0
]
},
{
"key": "multiline",
"args": [
0.0,
0.0,
0.0,
0.0,
0.2,
0.0
]
},
{
"key": "multiline",
"args": [
0.0,
0.0,
0.0,
0.0,
0.0,
0.2
]
}
]
},
{
"name": "ana_arm_1_4_3",
"m4": [
-0.173648,
0.0,
0.984808,
1.53335,
0.0,
1.0,
0.0,
0.0,
-0.984808,
0.0,
-0.173648,
0.30963,
0,
0,
0,
1
],
"drawcalls": [
{
"key": "multiline",
"args": [
0.0,
0.0,
0.0,
0.2,
0.0,
0.0
]
},
{
"key": "multiline",
"args": [
0.0,
0.0,
0.0,
0.0,
0.2,
0.0
]
},
{
"key": "multiline",
"args": [
0.0,
0.0,
0.0,
0.0,
0.0,
0.2
]
}
]
},
{
"name": "PG_piece_1_4_0_3",
"m4": [
-0.575318,
-0.799285,
-0.173648,
1.48401,
-0.811615,
0.584193,
4.96971e-17,
0.034879,
0.101444,
0.140935,
-0.984808,
0.318329,
0,
0,
0,
1
],
"drawcalls": [
{
"key": "multiline",
"args": [
0.0,
-0.00675,
-0.0878,
0.0,
0.00675,
-0.0878,
0.0,
0.00675,
0.0878,
0.0,
-0.00675,
0.0878,
0.0,
-0.00675,
-0.0878
]
}
]
},
{
"name": "PG_piece_1_4_1_3",
"m4": [
-0.579926,
-0.795948,
-0.173648,
1.49649,
-0.808226,
0.588872,
4.94896e-17,
0.026377,
0.102257,
0.140347,
-0.984808,
0.316128,
0,
0,
0,
1
],
"drawcalls": [
{
"key": "multiline",
"args": [
0.0,
-0.00675,
-0.0878,
0.0,
0.00675,
-0.0878,
0.0,
0.00675,
0.0878,
0.0,
-0.00675,
0.0878,
0.0,
-0.00675,
-0.0878
]
}
]
},
{
"name": "PG_piece_1_4_2_3",
"m4": [
-0.584528,
-0.792574,
-0.173648,
1.50888,
-0.804801,
0.593545,
4.92798e-17,
0.017729,
0.103068,
0.139752,
-0.984808,
0.313944,
0,
0,
0,
1
],
"drawcalls": [
{
"key": "multiline",
"args": [
0.0,
-0.00675,
-0.0878,
0.0,
0.00675,
-0.0878,
0.0,
0.00675,
0.0878,
0.0,
-0.00675,
0.0878,
0.0,
-0.00675,
-0.0878
]
}
]
},
{
"name": "PG_piece_1_4_3_3",
"m4": [
-0.589097,
-0.789184,
-0.173648,
1.52116,
-0.801358,
0.598185,
4.9069e-17,
0.008937,
0.103874,
0.139154,
-0.984808,
0.311778,
0,
0,
0,
1
],
"drawcalls": [
{
"key": "multiline",
"args": [
0.0,
-0.00675,
-0.0878,
0.0,
0.00675,
-0.0878,
0.0,
0.00675,
0.0878,
0.0,
-0.00675,
0.0878,
0.0,
-0.00675,
-0.0878
]
}
]
},
{
"name": "PG_piece_1_4_4_3",
"m4": [
-0.59366,
-0.785757,
-0.173648,
1.53335,
-0.797879,
0.602818,
4.8856e-17,
0.0,
0.104678,
0.13855,
-0.984808,
0.30963,
0,
0,
0,
1
],
"drawcalls": [
{
"key": "multiline",
"args": [
0.0,
-0.00675,
-0.0878,
0.0,
0.00675,
-0.0878,
0.0,
0.00675,
0.0878,
0.0,
-0.00675,
0.0878,
0.0,
-0.00675,
-0.0878
]
}
]
},
{
"name": "PG_piece_1_4_5_3",
"m4": [
-0.598189,
-0.782314,
-0.173648,
1.54543,
-0.794383,
0.607417,
4.86419e-17,
-0.009079,
0.105477,
0.137943,
-0.984808,
0.307499,
0,
0,
0,
1
],
"drawcalls": [
{
"key": "multiline",
"args": [
0.0,
-0.00675,
-0.0878,
0.0,
0.00675,
-0.0878,
0.0,
0.00675,
0.0878,
0.0,
-0.00675,
0.0878,
0.0,
-0.00675,
-0.0878
]
}
]
},
{
"name": "PG_piece_1_4_6_3",
"m4": [
-0.602712,
-0.778835,
-0.173648,
1.5574,
-0.79085,
0.61201,
4.84256e-17,
-0.0183,
0.106274,
0.13733,
-0.984808,
0.305388,
0,
0,
0,
1
],
"drawcalls": [
{
"key": "multiline",
"args": [
0.0,
-0.00675,
-0.0878,
0.0,
0.00675,
-0.0878,
0.0,
0.00675,
0.0878,
0.0,
-0.00675,
0.0878,
0.0,
-0.00675,
-0.0878
]
}
]
},
{
"name": "PG_piece_1_4_7_3",
"m4": [
-0.607202,
-0.77534,
-0.173648,
1.56928,
-0.787301,
0.616569,
4.82083e-17,
-0.02766,
0.107066,
0.136713,
-0.984808,
0.303294,
0,
0,
0,
1
],
"drawcalls": [
{
"key": "multiline",
"args": [
0.0,
-0.00675,
-0.0878,
0.0,
0.00675,
-0.0878,
0.0,
0.00675,
0.0878,
0.0,
-0.00675,
0.0878,
0.0,
-0.00675,
-0.0878
]
}
]
},
{
"name": "PG_piece_1_4_8_3",
"m4": [
-0.611671,
-0.771819,
-0.173648,
1.58104,
-0.783726,
0.621107,
4.79894e-17,
-0.03716,
0.107854,
0.136093,
-0.984808,
0.30122,
0,
0,
0,
1
],
"drawcalls": [
{
"key": "multiline",
"args": [
0.0,
-0.00675,
-0.0878,
0.0,
0.00675,
-0.0878,
0.0,
0.00675,
0.0878,
0.0,
-0.00675,
0.0878,
0.0,
-0.00675,
-0.0878
]
}
]
},
{
"name": "det_arm_1_4_3",
"m4": [
-0.173648,
0.0,
0.984808,
1.97007,
0.0,
1.0,
0.0,
-1.56124,
-0.984808,
0.0,
-0.173648,
0.232624,
0,
0,
0,
1
],
"drawcalls": [
{
"key": "multiline",
"args": [
0.0,
0.0,
0.0,
0.2,
0.0,
0.0
]
},
{
"key": "multiline",
"args": [
0.0,
0.0,
0.0,
0.0,
0.2,
0.0
]
},
{
"key": "multiline",
"args": [
0.0,
0.0,
0.0,
0.0,
0.0,
0.2
]
}
]
},
{
"name": "det_mid_He3_1_4_3",
"m4": [
-1.06329e-17,
0.173648,
0.984808,
1.97007,
1.0,
6.12323e-17,
0.0,
-1.56124,
-6.03021e-17,
0.984808,
-0.173648,
0.232624,
0,
0,
0,
1
],
"drawcalls": [
{
"key": "circle",
"args": [
"xz",
0.0,
0.1494,
0.0,
0.0127
]
},
{
"key": "circle",
"args": [
"xz",
0.0,
-0.1494,
0.0,
0.0127
]
},
{
"key": "multiline",
"args": [
-0.0127,
-0.1494,
0.0,
-0.0127,
0.1494,
0.0
]
},
{
"key": "multiline",
"args": [
0.0127,
-0.1494,
0.0,
0.0127,
0.1494,
0.0
]
},
{
"key": "multiline",
"args": [
0.0,
-0.1494,
-0.0127,
0.0,
0.1494,
-0.0127
]
},
{
"key": "multiline",
"args": [
0.0,
-0.1494,
0.0127,
0.0,
0.1494,
0.0127
]
}
]
},
{
"name": "wedge_arm_40",
"m4": [
-0.34202,
0.0,
0.939693,
0.0,
0.0,
1.0,
0.0,
0.0,
-0.939693,
0.0,
-0.34202,
0.58,
0,
0,
0,
1
],
"drawcalls": [
{
"key": "multiline",
"args": [
0.0,
0.0,
0.0,
0.2,
0.0,
0.0
]
},
{
"key": "multiline",
"args": [
0.0,
0.0,
0.0,
0.0,
0.2,
0.0
]
},
{
"key": "multiline",
"args": [
0.0,
0.0,
0.0,
0.0,
0.0,
0.2
]
}
]
},
{
"name": "ana_arm_2_4_4",
"m4": [
-0.34202,
0.0,
0.939693,
1.52512,
0.0,
1.0,
0.0,
0.0,
-0.939693,
0.0,
-0.34202,
0.0249013,
0,
0,
0,
1
],
"drawcalls": [
{
"key": "multiline",
"args": [
0.0,
0.0,
0.0,
0.2,
0.0,
0.0
]
},
{
"key": "multiline",
"args": [
0.0,
0.0,
0.0,
0.0,
0.2,
0.0
]
},
{
"key": "multiline",
"args": [
0.0,
0.0,
0.0,
0.0,
0.0,
0.2
]
}
]
},
{
"name": "PG_piece_2_4_0_4",
"m4": [
-0.548962,
-0.762668,
-0.34202,
1.47762,
-0.811615,
0.584193,
4.96971e-17,
0.036386,
0.199806,
0.277589,
-0.939693,
0.0421904,
0,
0,
0,
1
],
"drawcalls": [
{
"key": "multiline",
"args": [
0.0,
-0.00675,
-0.0908,
0.0,
0.00675,
-0.0908,
0.0,
0.00675,
0.0908,
0.0,
-0.00675,
0.0908,
0.0,
-0.00675,
-0.0908
]
}
]
},
{
"name": "PG_piece_2_4_1_4",
"m4": [
-0.553359,
-0.759484,
-0.34202,
1.48964,
-0.808226,
0.588872,
4.94896e-17,
0.027509,
0.201406,
0.27643,
-0.939693,
0.0378146,
0,
0,
0,
1
],
"drawcalls": [
{
"key": "multiline",
"args": [
0.0,
-0.00675,
-0.0908,
0.0,
0.00675,
-0.0908,
0.0,
0.00675,
0.0908,
0.0,
-0.00675,
0.0908,
0.0,
-0.00675,
-0.0908
]
}
]
},
{
"name": "PG_piece_2_4_2_4",
"m4": [
-0.55775,
-0.756265,
-0.34202,
1.50157,
-0.804801,
0.593545,
4.92798e-17,
0.018485,
0.203004,
0.275258,
-0.939693,
0.033474,
0,
0,
0,
1
],
"drawcalls": [
{
"key": "multiline",
"args": [
0.0,
-0.00675,
-0.0908,
0.0,
0.00675,
-0.0908,
0.0,
0.00675,
0.0908,
0.0,
-0.00675,
0.0908,
0.0,
-0.00675,
-0.0908
]
}
]
},
{
"name": "PG_piece_2_4_3_4",
"m4": [
-0.56211,
-0.75303,
-0.34202,
1.51339,
-0.801358,
0.598185,
4.9069e-17,
0.009315,
0.204591,
0.274081,
-0.939693,
0.0291694,
0,
0,
0,
1
],
"drawcalls": [
{
"key": "multiline",
"args": [
0.0,
-0.00675,
-0.0908,
0.0,
0.00675,
-0.0908,
0.0,
0.00675,
0.0908,
0.0,
-0.00675,
0.0908,
0.0,
-0.00675,
-0.0908
]
}
]
},
{
"name": "PG_piece_2_4_4_4",
"m4": [
-0.566464,
-0.749761,
-0.34202,
1.52512,
-0.797879,
0.602818,
4.8856e-17,
0.0,
0.206176,
0.272891,
-0.939693,
0.0249013,
0,
0,
0,
1
],
"drawcalls": [
{
"key": "multiline",
"args": [
0.0,
-0.00675,
-0.0908,
0.0,
0.00675,
-0.0908,
0.0,
0.00675,
0.0908,
0.0,
-0.00675,
0.0908,
0.0,
-0.00675,
-0.0908
]
}
]
},
{
"name": "PG_piece_2_4_5_4",
"m4": [
-0.570786,
-0.746476,
-0.34202,
1.53675,
-0.794383,
0.607417,
4.86419e-17,
-0.009459,
0.207749,
0.271695,
-0.939693,
0.0206705,
0,
0,
0,
1
],
"drawcalls": [
{
"key": "multiline",
"args": [
0.0,
-0.00675,
-0.0908,
0.0,
0.00675,
-0.0908,
0.0,
0.00675,
0.0908,
0.0,
-0.00675,
0.0908,
0.0,
-0.00675,
-0.0908
]
}
]
},
{
"name": "PG_piece_2_4_6_4",
"m4": [
-0.575102,
-0.743156,
-0.34202,
1.54827,
-0.79085,
0.61201,
4.84256e-17,
-0.01906,
0.20932,
0.270487,
-0.939693,
0.0164774,
0,
0,
0,
1
],
"drawcalls": [
{
"key": "multiline",
"args": [
0.0,
-0.00675,
-0.0908,
0.0,
0.00675,
-0.0908,
0.0,
0.00675,
0.0908,
0.0,
-0.00675,
0.0908,
0.0,
-0.00675,
-0.0908
]
}
]
},
{
"name": "PG_piece_2_4_7_4",
"m4": [
-0.579385,
-0.739821,
-0.34202,
1.55968,
-0.787301,
0.616569,
4.82083e-17,
-0.028802,
0.210879,
0.269273,
-0.939693,
0.0123225,
0,
0,
0,
1
],
"drawcalls": [
{
"key": "multiline",
"args": [
0.0,
-0.00675,
-0.0908,
0.0,
0.00675,
-0.0908,
0.0,
0.00675,
0.0908,
0.0,
-0.00675,
0.0908,
0.0,
-0.00675,
-0.0908
]
}
]
},
{
"name": "PG_piece_2_4_8_4",
"m4": [
-0.583649,
-0.736462,
-0.34202,
1.57099,
-0.783726,
0.621107,
4.79894e-17,
-0.038685,
0.212431,
0.26805,
-0.939693,
0.00820628,
0,
0,
0,
1
],
"drawcalls": [
{
"key": "multiline",
"args": [
0.0,
-0.00675,
-0.0908,
0.0,
0.00675,
-0.0908,
0.0,
0.00675,
0.0908,
0.0,
-0.00675,
0.0908,
0.0,
-0.00675,
-0.0908
]
}
]
},
{
"name": "det_arm_2_4_4",
"m4": [
-0.34202,
0.0,
0.939693,
1.94184,
0.0,
1.0,
0.0,
-1.56124,
-0.939693,
0.0,
-0.34202,
-0.126771,
0,
0,
0,
1
],
"drawcalls": [
{
"key": "multiline",
"args": [
0.0,
0.0,
0.0,
0.2,
0.0,
0.0
]
},
{
"key": "multiline",
"args": [
0.0,
0.0,
0.0,
0.0,
0.2,
0.0
]
},
{
"key": "multiline",
"args": [
0.0,
0.0,
0.0,
0.0,
0.0,
0.2
]
}
]
},
{
"name": "det_mid_He3_2_4_4",
"m4": [
-2.09427e-17,
0.34202,
0.939693,
1.94184,
1.0,
6.12323e-17,
0.0,
-1.56124,
-5.75396e-17,
0.939693,
-0.34202,
-0.126771,
0,
0,
0,
1
],
"drawcalls": [
{
"key": "circle",
"args": [
"xz",
0.0,
0.1524,
0.0,
0.0127
]
},
{
"key": "circle",
"args": [
"xz",
0.0,
-0.1524,
0.0,
0.0127
]
},
{
"key": "multiline",
"args": [
-0.0127,
-0.1524,
0.0,
-0.0127,
0.1524,
0.0
]
},
{
"key": "multiline",
"args": [
0.0127,
-0.1524,
0.0,
0.0127,
0.1524,
0.0
]
},
{
"key": "multiline",
"args": [
0.0,
-0.1524,
-0.0127,
0.0,
0.1524,
-0.0127
]
},
{
"key": "multiline",
"args": [
0.0,
-0.1524,
0.0127,
0.0,
0.1524,
0.0127
]
}
]
},
{
"name": "wedge_arm_50",
"m4": [
-0.5,
0.0,
0.866025,
0.0,
0.0,
1.0,
0.0,
0.0,
-0.866025,
0.0,
-0.5,
0.58,
0,
0,
0,
1
],
"drawcalls": [
{
"key": "multiline",
"args": [
0.0,
0.0,
0.0,
0.2,
0.0,
0.0
]
},
{
"key": "multiline",
"args": [
0.0,
0.0,
0.0,
0.0,
0.2,
0.0
]
},
{
"key": "multiline",
"args": [
0.0,
0.0,
0.0,
0.0,
0.0,
0.2
]
}
]
},
{
"name": "ana_arm_3_4_5",
"m4": [
-0.5,
0.0,
0.866025,
1.47311,
0.0,
1.0,
0.0,
0.0,
-0.866025,
0.0,
-0.5,
-0.2705,
0,
0,
0,
1
],
"drawcalls": [
{
"key": "multiline",
"args": [
0.0,
0.0,
0.0,
0.2,
0.0,
0.0
]
},
{
"key": "multiline",
"args": [
0.0,
0.0,
0.0,
0.0,
0.2,
0.0
]
},
{
"key": "multiline",
"args": [
0.0,
0.0,
0.0,
0.0,
0.0,
0.2
]
}
]
},
{
"name": "PG_piece_3_4_0_5",
"m4": [
-0.505926,
-0.702879,
-0.5,
1.42887,
-0.811615,
0.584193,
4.96971e-17,
0.038165,
0.292097,
0.405807,
-0.866025,
-0.244956,
0,
0,
0,
1
],
"drawcalls": [
{
"key": "multiline",
"args": [
0.0,
-0.007,
-0.0943,
0.0,
0.007,
-0.0943,
0.0,
0.007,
0.0943,
0.0,
-0.007,
0.0943,
0.0,
-0.007,
-0.0943
]
}
]
},
{
"name": "PG_piece_3_4_1_5",
"m4": [
-0.509978,
-0.699945,
-0.5,
1.44007,
-0.808226,
0.588872,
4.94896e-17,
0.028846,
0.294436,
0.404113,
-0.866025,
-0.251425,
0,
0,
0,
1
],
"drawcalls": [
{
"key": "multiline",
"args": [
0.0,
-0.007,
-0.0943,
0.0,
0.007,
-0.0943,
0.0,
0.007,
0.0943,
0.0,
-0.007,
0.0943,
0.0,
-0.007,
-0.0943
]
}
]
},
{
"name": "PG_piece_3_4_2_5",
"m4": [
-0.514025,
-0.696978,
-0.5,
1.45118,
-0.804801,
0.593545,
4.92798e-17,
0.019378,
0.296773,
0.4024,
-0.866025,
-0.257838,
0,
0,
0,
1
],
"drawcalls": [
{
"key": "multiline",
"args": [
0.0,
-0.007,
-0.0943,
0.0,
0.007,
-0.0943,
0.0,
0.007,
0.0943,
0.0,
-0.007,
0.0943,
0.0,
-0.007,
-0.0943
]
}
]
},
{
"name": "PG_piece_3_4_3_5",
"m4": [
-0.518043,
-0.693997,
-0.5,
1.46219,
-0.801358,
0.598185,
4.9069e-17,
0.009762,
0.299092,
0.400679,
-0.866025,
-0.264197,
0,
0,
0,
1
],
"drawcalls": [
{
"key": "multiline",
"args": [
0.0,
-0.007,
-0.0943,
0.0,
0.007,
-0.0943,
0.0,
0.007,
0.0943,
0.0,
-0.007,
0.0943,
0.0,
-0.007,
-0.0943
]
}
]
},
{
"name": "PG_piece_3_4_4_5",
"m4": [
-0.522056,
-0.690983,
-0.5,
1.47311,
-0.797879,
0.602818,
4.8856e-17,
0.0,
0.301409,
0.398939,
-0.866025,
-0.2705,
0,
0,
0,
1
],
"drawcalls": [
{
"key": "multiline",
"args": [
0.0,
-0.007,
-0.0943,
0.0,
0.007,
-0.0943,
0.0,
0.007,
0.0943,
0.0,
-0.007,
0.0943,
0.0,
-0.007,
-0.0943
]
}
]
},
{
"name": "PG_piece_3_4_5_5",
"m4": [
-0.526039,
-0.687956,
-0.5,
1.48393,
-0.794383,
0.607417,
4.86419e-17,
-0.009907,
0.303709,
0.397191,
-0.866025,
-0.276746,
0,
0,
0,
1
],
"drawcalls": [
{
"key": "multiline",
"args": [
0.0,
-0.007,
-0.0943,
0.0,
0.007,
-0.0943,
0.0,
0.007,
0.0943,
0.0,
-0.007,
0.0943,
0.0,
-0.007,
-0.0943
]
}
]
},
{
"name": "PG_piece_3_4_6_5",
"m4": [
-0.530016,
-0.684896,
-0.5,
1.49465,
-0.79085,
0.61201,
4.84256e-17,
-0.019958,
0.306005,
0.395425,
-0.866025,
-0.282934,
0,
0,
0,
1
],
"drawcalls": [
{
"key": "multiline",
"args": [
0.0,
-0.007,
-0.0943,
0.0,
0.007,
-0.0943,
0.0,
0.007,
0.0943,
0.0,
-0.007,
0.0943,
0.0,
-0.007,
-0.0943
]
}
]
},
{
"name": "PG_piece_3_4_7_5",
"m4": [
-0.533964,
-0.681823,
-0.5,
1.50526,
-0.787301,
0.616569,
4.82083e-17,
-0.030152,
0.308284,
0.393651,
-0.866025,
-0.289063,
0,
0,
0,
1
],
"drawcalls": [
{
"key": "multiline",
"args": [
0.0,
-0.007,
-0.0943,
0.0,
0.007,
-0.0943,
0.0,
0.007,
0.0943,
0.0,
-0.007,
0.0943,
0.0,
-0.007,
-0.0943
]
}
]
},
{
"name": "PG_piece_3_4_8_5",
"m4": [
-0.537894,
-0.678727,
-0.5,
1.51578,
-0.783726,
0.621107,
4.79894e-17,
-0.040487,
0.310553,
0.391863,
-0.866025,
-0.295133,
0,
0,
0,
1
],
"drawcalls": [
{
"key": "multiline",
"args": [
0.0,
-0.007,
-0.0943,
0.0,
0.007,
-0.0943,
0.0,
0.007,
0.0943,
0.0,
-0.007,
0.0943,
0.0,
-0.007,
-0.0943
]
}
]
},
{
"name": "det_arm_3_4_5",
"m4": [
-0.5,
0.0,
0.866025,
1.85716,
0.0,
1.0,
0.0,
-1.56124,
-0.866025,
0.0,
-0.5,
-0.492231,
0,
0,
0,
1
],
"drawcalls": [
{
"key": "multiline",
"args": [
0.0,
0.0,
0.0,
0.2,
0.0,
0.0
]
},
{
"key": "multiline",
"args": [
0.0,
0.0,
0.0,
0.0,
0.2,
0.0
]
},
{
"key": "multiline",
"args": [
0.0,
0.0,
0.0,
0.0,
0.0,
0.2
]
}
]
},
{
"name": "det_mid_He3_3_4_5",
"m4": [
-3.06162e-17,
0.5,
0.866025,
1.85716,
1.0,
6.12323e-17,
0.0,
-1.56124,
-5.30288e-17,
0.866025,
-0.5,
-0.492231,
0,
0,
0,
1
],
"drawcalls": [
{
"key": "circle",
"args": [
"xz",
0.0,
0.15595,
0.0,
0.0127
]
},
{
"key": "circle",
"args": [
"xz",
0.0,
-0.15595,
0.0,
0.0127
]
},
{
"key": "multiline",
"args": [
-0.0127,
-0.15595,
0.0,
-0.0127,
0.15595,
0.0
]
},
{
"key": "multiline",
"args": [
0.0127,
-0.15595,
0.0,
0.0127,
0.15595,
0.0
]
},
{
"key": "multiline",
"args": [
0.0,
-0.15595,
-0.0127,
0.0,
0.15595,
-0.0127
]
},
{
"key": "multiline",
"args": [
0.0,
-0.15595,
0.0127,
0.0,
0.15595,
0.0127
]
}
]
},
{
"name": "wedge_arm_60",
"m4": [
-0.642788,
0.0,
0.766044,
0.0,
0.0,
1.0,
0.0,
0.0,
-0.766044,
0.0,
-0.642788,
0.58,
0,
0,
0,
1
],
"drawcalls": [
{
"key": "multiline",
"args": [
0.0,
0.0,
0.0,
0.2,
0.0,
0.0
]
},
{
"key": "multiline",
"args": [
0.0,
0.0,
0.0,
0.0,
0.2,
0.0
]
},
{
"key": "multiline",
"args": [
0.0,
0.0,
0.0,
0.0,
0.0,
0.2
]
}
]
},
{
"name": "ana_arm_1_4_6",
"m4": [
-0.642788,
0.0,
0.766044,
1.19273,
0.0,
1.0,
0.0,
0.0,
-0.766044,
0.0,
-0.642788,
-0.42082,
0,
0,
0,
1
],
"drawcalls": [
{
"key": "multiline",
"args": [
0.0,
0.0,
0.0,
0.2,
0.0,
0.0
]
},
{
"key": "multiline",
"args": [
0.0,
0.0,
0.0,
0.0,
0.2,
0.0
]
},
{
"key": "multiline",
"args": [
0.0,
0.0,
0.0,
0.0,
0.0,
0.2
]
}
]
},
{
"name": "PG_piece_1_4_0_6",
"m4": [
-0.447518,
-0.621733,
-0.642788,
1.15436,
-0.811615,
0.584193,
4.96971e-17,
0.034879,
0.375512,
0.521696,
-0.766044,
-0.388619,
0,
0,
0,
1
],
"drawcalls": [
{
"key": "multiline",
"args": [
0.0,
-0.00675,
-0.0878,
0.0,
0.00675,
-0.0878,
0.0,
0.00675,
0.0878,
0.0,
-0.00675,
0.0878,
0.0,
-0.00675,
-0.0878
]
}
]
},
{
"name": "PG_piece_1_4_1_6",
"m4": [
-0.451102,
-0.619137,
-0.642788,
1.16406,
-0.808226,
0.588872,
4.94896e-17,
0.026377,
0.37852,
0.519518,
-0.766044,
-0.396766,
0,
0,
0,
1
],
"drawcalls": [
{
"key": "multiline",
"args": [
0.0,
-0.00675,
-0.0878,
0.0,
0.00675,
-0.0878,
0.0,
0.00675,
0.0878,
0.0,
-0.00675,
0.0878,
0.0,
-0.00675,
-0.0878
]
}
]
},
{
"name": "PG_piece_1_4_2_6",
"m4": [
-0.454682,
-0.616513,
-0.642788,
1.1737,
-0.804801,
0.593545,
4.92798e-17,
0.017729,
0.381524,
0.517316,
-0.766044,
-0.40485,
0,
0,
0,
1
],
"drawcalls": [
{
"key": "multiline",
"args": [
0.0,
-0.00675,
-0.0878,
0.0,
0.00675,
-0.0878,
0.0,
0.00675,
0.0878,
0.0,
-0.00675,
0.0878,
0.0,
-0.00675,
-0.0878
]
}
]
},
{
"name": "PG_piece_1_4_3_6",
"m4": [
-0.458236,
-0.613876,
-0.642788,
1.18325,
-0.801358,
0.598185,
4.9069e-17,
0.008937,
0.384506,
0.515103,
-0.766044,
-0.412868,
0,
0,
0,
1
],
"drawcalls": [
{
"key": "multiline",
"args": [
0.0,
-0.00675,
-0.0878,
0.0,
0.00675,
-0.0878,
0.0,
0.00675,
0.0878,
0.0,
-0.00675,
0.0878,
0.0,
-0.00675,
-0.0878
]
}
]
},
{
"name": "PG_piece_1_4_4_6",
"m4": [
-0.461785,
-0.61121,
-0.642788,
1.19273,
-0.797879,
0.602818,
4.8856e-17,
0.0,
0.387484,
0.512866,
-0.766044,
-0.42082,
0,
0,
0,
1
],
"drawcalls": [
{
"key": "multiline",
"args": [
0.0,
-0.00675,
-0.0878,
0.0,
0.00675,
-0.0878,
0.0,
0.00675,
0.0878,
0.0,
-0.00675,
0.0878,
0.0,
-0.00675,
-0.0878
]
}
]
},
{
"name": "PG_piece_1_4_5_6",
"m4": [
-0.465309,
-0.608533,
-0.642788,
1.20213,
-0.794383,
0.607417,
4.86419e-17,
-0.009079,
0.39044,
0.510619,
-0.766044,
-0.428706,
0,
0,
0,
1
],
"drawcalls": [
{
"key": "multiline",
"args": [
0.0,
-0.00675,
-0.0878,
0.0,
0.00675,
-0.0878,
0.0,
0.00675,
0.0878,
0.0,
-0.00675,
0.0878,
0.0,
-0.00675,
-0.0878
]
}
]
},
{
"name": "PG_piece_1_4_6_6",
"m4": [
-0.468827,
-0.605826,
-0.642788,
1.21144,
-0.79085,
0.61201,
4.84256e-17,
-0.0183,
0.393393,
0.508348,
-0.766044,
-0.436523,
0,
0,
0,
1
],
"drawcalls": [
{
"key": "multiline",
"args": [
0.0,
-0.00675,
-0.0878,
0.0,
0.00675,
-0.0878,
0.0,
0.00675,
0.0878,
0.0,
-0.00675,
0.0878,
0.0,
-0.00675,
-0.0878
]
}
]
},
{
"name": "PG_piece_1_4_7_6",
"m4": [
-0.472319,
-0.603108,
-0.642788,
1.22068,
-0.787301,
0.616569,
4.82083e-17,
-0.02766,
0.396323,
0.506067,
-0.766044,
-0.444272,
0,
0,
0,
1
],
"drawcalls": [
{
"key": "multiline",
"args": [
0.0,
-0.00675,
-0.0878,
0.0,
0.00675,
-0.0878,
0.0,
0.00675,
0.0878,
0.0,
-0.00675,
0.0878,
0.0,
